# Points du polygone
[
[-0.2913114456738618,-1.0,0.0],
[-0.27389805913295845,-0.8824596408489026,0.0],
[-0.2477779793216035,-0.7518592417921277,0.0],
[-0.2216578995102485,-0.6495555958643207,0.0],
[-0.1911844730636677,-0.5450752766189008,0.0],
[-0.15418102666424816,-0.4144748775621259,0.0],
[-0.10847088699437694,-0.2904044984581898,0.0],
[-0.06276074732450573,-0.17504081262470528,0.0],
[-0.012697261019408691,-0.06403047342644662,0.0],
[0.03954289860330126,0.04697986577181204,0.0],
[0.09395973154362414,0.1471068383820061,0.0],
[0.13096317794304368,0.21023036459278066,0.0],
[0.13966987121349536,0.2319970977689098,0.0],
[0.14184654453110826,0.25376383094503896,0.0],
[0.14184654453110826,0.27335389080355516,0.0],
[0.1353165245782695,0.29947397061491016,0.0],
[0.12225648467259204,0.32777072374387806,0.0],
[0.10919644476691454,0.353890803555233,0.0],
[0.09613640486123705,0.37130419009613636,0.0],
[0.08742971159078539,0.39960094322510425,0.0],
[0.08307636495555956,0.4235443497188463,0.0],
[0.08089969163794665,0.4496644295302013,0.0],
[0.08089969163794665,0.47143116270633045,0.0],
[0.08089969163794665,0.5127879557409758,0.0],
]